#graphics
bloom:1
fullscreen:1
shadows:2

#misc

#sound
effects:1.000000
global:1.000000
music:1.000000
voices:1.000000

