#graphics
fullscreen=1
bloom=1
shadows=0

#misc

#sound
voices=1.000000
global=1.000000
music=1.000000
effects=1.000000

